131
193
194
268
269
270
273
272
271
196
195
132
197
274
275
276
200
199
198
134
133
82
19
18
86
137
138
203
278
277
202
201
136
135
83
44
84
85
45
46
47
22
21
50
87
49
89
90
91
142
143
141
205
280
204
279
140
139
88
48
20
4
52
51
92
144
208
282
206
281
207
283
284
214
291
290
289
288
211
287
285
286
209
210
145
93
94
146
147
148
212
213
267
266
265
264
263
192
129
191
190
189
188
262
80
43
78
42
41
40
39
38
72
73
74
75
76
77
125
126
127
128
130
79
81
17
16
15
14
37
36
71
70
69
34
35
12
13
2
3
62
29
27
8
7
25
6
23
5
0
1
10
32
33
11
31
9
30
28
103
102
101
57
58
56
100
99
98
97
96
149
54
95
53
24
55
26
59
60
61
220
221
223
156
155
154
153
151
217
150
215
292
293
216
152
219
218
255
256
257
258
259
260
261
187
186
185
254
253
182
183
184
124
123
122
181
180
252
251
121
120
179
178
248
119
118
177
176
250
247
249
242
243
244
245
246
174
175
116
115
117
241
172
173
114
68
67
111
168
109
167
236
237
238
239
169
240
171
170
113
112
66
65
64
110
63
235
234
165
107
108
106
233
231
230
162
105
104
161
232
163
164
166
229
228
160
227
226
157
159
158
225
224
222
