211
288
289
290
291
293
216
292
215
213
212
214
149
150
217
218
151
96
148
95
94
53
11
31
29
59
60
101
157
156
100
99
56
24
6
23
25
26
8
9
30
32
67
111
63
108
109
166
165
164
234
233
231
232
230
161
106
61
107
65
66
33
55
57
58
103
158
226
229
228
227
223
221
163
162
160
159
225
224
222
220
219
154
152
153
97
54
98
155
102
104
105
287
286
285
283
206
210
209
208
207
205
141
284
50
21
5
0
3
17
15
41
42
43
18
45
46
85
86
87
88
89
90
91
49
13
14
40
38
39
76
75
124
74
73
72
120
119
118
71
16
4
22
52
51
92
93
147
146
145
144
143
140
139
142
48
47
20
19
116
117
70
2
35
34
69
68
115
112
110
64
62
28
27
7
10
1
12
36
37
241
242
243
172
173
114
171
170
168
167
236
235
238
237
113
240
239
276
277
278
279
280
281
282
204
203
202
275
274
200
201
138
137
136
199
198
273
272
271
84
80
130
129
189
126
125
127
128
190
264
262
266
267
268
269
270
194
196
195
134
81
265
193
192
132
197
135
188
187
186
185
258
257
259
260
261
263
191
131
133
82
83
44
79
78
77
255
256
183
123
122
121
254
253
252
179
178
177
251
180
181
182
184
250
249
248
247
246
245
176
175
174
244
169
