210
211
288
289
291
293
216
292
290
213
212
147
214
215
150
218
217
151
149
148
146
145
22
23
55
54
98
153
220
219
152
96
97
95
93
51
94
53
52
24
6
9
8
58
26
57
27
28
59
101
102
156
222
155
221
154
100
99
56
25
7
0
30
29
60
103
157
158
223
224
225
159
226
165
232
231
162
230
229
228
227
160
161
104
105
62
63
61
106
107
164
163
287
286
285
284
206
209
208
207
141
283
205
282
90
92
49
50
48
47
46
85
83
84
135
86
137
87
139
88
89
142
143
144
91
21
20
19
18
45
44
82
81
80
43
42
17
16
4
5
72
73
37
35
12
11
10
1
2
13
3
15
41
78
40
39
14
38
36
116
115
68
34
69
66
67
112
111
110
166
109
108
65
64
31
32
33
70
71
117
241
240
171
172
114
113
170
168
167
236
234
235
237
233
169
238
239
276
277
278
279
204
280
281
140
203
202
275
274
200
199
201
138
136
198
273
272
271
270
134
197
196
195
268
133
132
131
193
194
267
269
262
263
264
265
266
191
192
190
129
130
261
189
188
127
128
79
185
184
123
183
255
256
257
258
259
260
187
186
125
126
77
76
75
124
74
254
253
182
121
120
119
252
251
250
178
177
118
249
179
180
181
122
248
176
247
246
244
243
175
174
173
242
245
