210
211
288
289
291
293
216
292
290
213
212
147
214
215
150
218
217
151
149
148
146
145
22
23
25
55
98
153
152
219
96
97
54
95
93
51
94
53
52
24
6
9
30
28
26
57
27
29
59
58
101
102
156
155
154
220
100
99
56
8
7
0
31
62
60
103
157
158
221
222
223
224
225
164
232
231
230
161
229
228
226
227
160
159
104
61
63
106
105
107
162
163
287
286
285
284
283
209
208
143
207
282
141
206
92
49
50
21
48
47
46
85
83
84
135
86
137
87
139
88
89
142
90
144
91
20
19
18
45
44
82
81
80
79
78
43
42
17
4
5
72
73
37
35
12
11
10
1
2
13
3
16
40
41
15
39
14
38
36
116
114
67
34
69
68
115
112
111
110
166
109
108
65
64
32
66
33
70
71
117
239
241
240
171
172
113
170
168
167
236
165
234
235
233
169
238
237
277
278
203
279
280
281
205
204
140
202
276
274
275
200
201
138
136
199
198
273
272
271
134
197
196
270
193
133
132
131
195
269
268
194
263
264
265
267
266
191
192
190
129
130
261
262
189
188
127
128
185
184
123
183
256
255
257
258
259
260
187
186
125
126
77
76
75
124
74
254
253
182
121
120
119
252
251
250
178
177
118
249
179
180
181
122
248
176
247
246
245
244
175
174
173
242
243
