211
288
289
290
291
293
216
292
215
213
212
214
149
150
217
218
152
151
96
148
95
53
11
32
30
61
59
60
156
155
101
99
57
24
6
23
25
26
8
9
31
33
112
168
64
110
109
166
165
164
234
233
231
232
230
162
106
107
108
65
66
68
55
56
58
103
157
158
229
228
227
225
221
163
105
160
159
226
224
223
222
220
219
154
153
97
54
98
100
102
104
161
287
286
285
283
206
210
209
208
207
205
141
284
50
21
20
19
18
16
17
40
41
42
43
45
46
85
86
87
88
89
90
91
92
14
15
37
38
39
76
75
124
74
73
72
120
119
71
70
3
4
22
52
51
93
94
147
146
145
144
143
140
139
142
48
49
47
5
116
117
34
1
12
35
69
115
67
111
63
62
29
28
27
7
0
10
2
13
36
241
243
172
173
174
114
171
170
169
167
236
235
238
237
113
240
239
276
277
278
279
280
281
282
204
203
202
275
274
200
201
138
137
136
199
198
273
272
271
84
81
79
129
190
126
125
127
188
189
264
262
266
267
268
269
270
194
196
197
132
130
265
193
192
195
134
135
128
187
186
185
258
257
259
260
261
263
191
131
133
82
83
44
80
78
77
255
256
183
123
122
121
254
253
252
179
178
118
251
180
181
182
184
250
249
248
247
246
245
177
176
175
244
242
